391.62, 452.90, 444.41, 388.01, 467.45, 512.37, 481.61, 512.37, 506.76
numBoid: 100
FPS Avg: 461.94
FPS StdDev: 45.11

513.37, 450.58, 409.65, 504.68, 502.74, 465.81, 485.75, 496.69, 490.99, 471.41
numBoid: 120
FPS Avg: 479.17
FPS StdDev: 29.59

434.53, 441.83, 396.23, 432.02, 429.49, 394.39, 446.59, 346.18, 397.48, 336.34
numBoid: 140
FPS Avg: 405.51
FPS StdDev: 37.02

320.68, 155.80, 262.95, 343.79, 354.31, 338.88, 361.72, 401.82, 388.44, 340.64
numBoid: 160
FPS Avg: 326.90
FPS StdDev: 67.37

332.97, 331.94, 320.48, 326.01, 321.54, 351.47, 341.89, 342.73, 346.91, 24.06
numBoid: 180
FPS Avg: 304.00
FPS StdDev: 93.85

