359.91, 378.04, 401.65, 420.48, 438.29, 441.11, 429.13, 437.26, 385.43
numBoid: 100
FPS Avg: 410.14
FPS StdDev: 28.27

411.55, 397.49, 363.26, 408.83, 421.88, 428.37, 398.48, 424.64, 420.98, 369.00
numBoid: 120
FPS Avg: 404.45
FPS StdDev: 21.60

357.98, 366.39, 387.76, 393.87, 340.51, 333.63, 373.45, 388.38, 355.80, 372.89
numBoid: 140
FPS Avg: 367.07
FPS StdDev: 19.26

380.92, 345.81, 353.56, 347.42, 321.61, 341.82, 324.85, 336.47, 343.53, 345.43
numBoid: 160
FPS Avg: 344.14
FPS StdDev: 15.49

338.69, 293.79, 304.21, 300.54, 262.58, 297.97, 310.45, 300.48, 303.79, 299.88
numBoid: 180
FPS Avg: 301.24
FPS StdDev: 17.51

295.76, 246.60, 238.44, 251.78, 254.56, 254.97, 255.64, 230.94, 256.67, 250.58
numBoid: 200
FPS Avg: 253.60
FPS StdDev: 16.12

231.09, 200.56, 206.93, 205.65, 199.85, 203.62, 199.79, 202.82, 191.51, 200.73
numBoid: 220
FPS Avg: 204.25
FPS StdDev: 9.80

189.89, 150.89, 145.97, 127.80, 143.92, 139.90, 125.07, 151.92, 155.96, 149.82
numBoid: 240
FPS Avg: 148.11
FPS StdDev: 16.93

141.28, 104.49, 102.95, 104.90, 93.84, 97.42, 101.73, 100.76, 95.51, 101.92
numBoid: 260
FPS Avg: 104.48
FPS StdDev: 12.76

98.84, 49.70, 51.79, 54.09, 51.92, 53.03, 54.81, 48.61, 40.71, 38.24
numBoid: 280
FPS Avg: 54.17
FPS StdDev: 15.79

31.20, 13.44, 10.23, 9.04, 7.31, 7.11, 6.98, 7.19, 7.18, 7.41
numBoid: 300
FPS Avg: 10.71
FPS StdDev: 7.10

4.71, 2.86, 2.66, 2.65, 2.65, 2.64, 2.65, 2.68, 2.70
numBoid: 320
FPS Avg: 2.91
FPS StdDev: 0.64

