461.73, 466.99, 499.21, 531.44, 529.93, 492.92, 530.53, 529.73, 527.72, 525.18, 530.21, 533.96, 443.96, 520.45, 453.57, 503.49, 528.32, 526.18, 503.67
numBoid: 10
FPS Avg: 507.33
FPS Max: 533.96
FPS Min: 443.96
FPS StdDev: 29.00

521.60, 500.18, 519.71, 521.86, 524.21, 518.91, 498.17, 505.06, 491.93, 499.71, 519.32, 521.69, 492.23, 525.59, 517.41, 524.56, 520.05, 518.97, 516.66, 486.99
numBoid: 20
FPS Avg: 512.24
FPS Max: 525.59
FPS Min: 486.99
FPS StdDev: 12.34

489.10, 449.76, 464.50, 468.00, 471.36, 468.86, 439.89, 452.29, 459.83, 445.79, 464.34, 463.34, 471.73, 447.59, 466.96, 465.64, 455.67, 455.50, 462.31, 466.92
numBoid: 30
FPS Avg: 461.47
FPS Max: 489.10
FPS Min: 439.89
FPS StdDev: 10.86

434.53, 438.72, 435.73, 435.89, 435.19, 418.25, 416.67, 401.58, 435.68, 438.93, 438.50, 433.00, 437.58, 442.06, 415.97, 417.72, 402.62, 409.64, 413.60, 428.66
numBoid: 40
FPS Avg: 426.53
FPS Max: 442.06
FPS Min: 401.58
FPS StdDev: 12.75

429.20, 368.44, 392.70, 390.90, 388.11, 387.75, 375.13, 383.64, 396.88, 368.17, 372.90, 375.63, 382.81, 394.96, 390.08, 386.20, 355.74, 365.33, 369.57, 380.29
numBoid: 50
FPS Avg: 382.72
FPS Max: 429.20
FPS Min: 355.74
FPS StdDev: 15.21

371.00, 348.48, 355.19, 339.57, 353.89, 348.19, 335.09, 322.75, 337.35, 349.06, 356.37, 248.33, 355.83, 357.52, 343.75, 332.32, 315.64, 307.52, 302.85, 333.96
numBoid: 60
FPS Avg: 335.73
FPS Max: 371.00
FPS Min: 248.33
FPS StdDev: 26.40

332.87, 315.66, 315.58, 304.71, 307.65, 294.39, 296.48, 294.17, 303.77, 316.40, 322.33, 323.16, 324.22, 305.13, 311.94, 282.62, 296.28, 312.24, 323.88, 326.93
numBoid: 70
FPS Avg: 310.52
FPS Max: 332.87
FPS Min: 282.62
FPS StdDev: 12.94

276.48, 265.13, 282.09, 279.60, 271.26, 275.63, 280.59, 279.79, 280.44, 268.41, 280.54, 284.68, 283.62, 275.98, 271.42, 256.46, 251.47, 243.43, 266.93, 279.48
numBoid: 80
FPS Avg: 272.67
FPS Max: 284.68
FPS Min: 243.43
FPS StdDev: 10.95

271.30, 258.64, 256.47, 246.06, 239.41, 221.11, 232.99, 234.61, 238.39, 248.00, 251.36, 252.08, 243.56, 243.22, 232.61, 246.33, 245.53, 246.74, 249.55, 252.93
numBoid: 90
FPS Avg: 245.55
FPS Max: 271.30
FPS Min: 221.11
FPS StdDev: 10.60

238.34, 228.24, 211.64, 225.63, 221.98, 215.79, 213.46, 210.81, 219.18, 226.88, 224.99, 208.30, 226.73, 229.01, 222.45, 223.18, 218.07, 219.68, 222.07, 223.74
numBoid: 100
FPS Avg: 221.51
FPS Max: 238.34
FPS Min: 208.30
FPS StdDev: 7.01

213.08, 194.27, 207.38, 208.84, 208.92, 203.04, 201.97, 202.72, 205.24, 205.35, 203.38, 195.64, 194.35, 204.28, 205.61, 207.47, 195.17, 195.27, 201.67, 206.57
numBoid: 110
FPS Avg: 203.01
FPS Max: 213.08
FPS Min: 194.27
FPS StdDev: 5.34

192.29, 185.15, 171.83, 179.50, 181.05, 181.86, 182.40, 183.54, 178.98, 173.39, 175.68, 174.13, 161.98, 170.14, 171.80, 168.38, 174.97, 180.11, 185.73, 187.99
numBoid: 120
FPS Avg: 178.04
FPS Max: 192.29
FPS Min: 161.98
FPS StdDev: 7.19

173.04, 163.72, 164.99, 156.28, 163.75, 161.85, 156.74, 144.32, 149.62, 152.77, 151.17, 155.43, 149.81, 152.37, 138.15, 146.16, 141.84, 153.59, 145.64, 152.37
numBoid: 130
FPS Avg: 153.68
FPS Max: 173.04
FPS Min: 138.15
FPS StdDev: 8.43

144.82, 145.12, 134.53, 138.17, 136.05, 133.36, 133.03, 132.17, 126.89, 122.69, 128.74, 144.56, 146.30, 143.65, 137.82, 135.48, 133.90, 135.40, 132.15, 114.86
numBoid: 140
FPS Avg: 134.98
FPS Max: 146.30
FPS Min: 114.86
FPS StdDev: 7.74

114.32, 124.14, 129.79, 133.74, 136.39, 134.52, 133.42, 132.29, 129.95, 99.52, 103.90, 122.45, 127.39, 129.40, 132.86, 133.21, 134.34, 136.90, 135.25, 123.32
numBoid: 150
FPS Avg: 127.35
FPS Max: 136.90
FPS Min: 99.52
FPS StdDev: 10.16

107.49, 104.05, 111.47, 117.86, 118.75, 123.04, 126.06, 125.84, 126.72, 124.42, 119.46, 106.95, 107.11, 108.92, 114.14, 121.96, 124.31, 126.07, 125.10, 123.82
numBoid: 160
FPS Avg: 118.18
FPS Max: 126.72
FPS Min: 104.05
FPS StdDev: 7.62

112.55, 112.43, 103.52, 105.19, 102.47, 103.40, 106.93, 110.91, 112.64, 113.26, 113.72, 112.45, 110.50, 102.47, 100.92, 96.53, 93.15, 101.00, 103.12, 104.10
numBoid: 170
FPS Avg: 106.06
FPS Max: 113.72
FPS Min: 93.15
FPS StdDev: 5.85

95.45, 102.36, 99.41, 102.48, 99.96, 97.52, 94.19, 86.95, 84.35, 93.02, 100.27, 100.98, 98.28, 102.35, 99.69, 100.62, 100.06, 95.86, 91.03, 90.00
numBoid: 180
FPS Avg: 96.74
FPS Max: 102.48
FPS Min: 84.35
FPS StdDev: 5.16

79.96, 82.38, 77.32, 85.04, 89.67, 92.94, 90.10, 85.71, 87.37, 88.69, 89.52, 86.03, 80.17, 87.90, 92.39, 94.09, 92.02, 90.98, 92.42
numBoid: 190
FPS Avg: 87.62
FPS Max: 94.09
FPS Min: 77.32
FPS StdDev: 4.71

91.00, 86.31, 86.29, 84.65, 84.37, 80.65, 84.92, 85.93, 87.41, 88.57, 88.83, 88.25, 88.70, 86.86, 85.92, 86.36, 85.05, 84.49, 86.97, 85.17
numBoid: 200
FPS Avg: 86.34
FPS Max: 91.00
FPS Min: 80.65
FPS StdDev: 2.14

85.08, 83.33, 83.04, 82.59, 83.19, 82.34, 81.90, 81.28, 81.06, 81.98, 81.87, 81.70, 81.57, 81.81, 81.29, 77.56, 81.55, 80.67, 81.24, 81.55
numBoid: 210
FPS Avg: 81.83
FPS Max: 85.08
FPS Min: 77.56
FPS StdDev: 1.38

76.36, 74.99, 75.96, 77.13, 77.25, 76.35, 75.66, 75.75, 76.47, 75.98, 75.88, 71.25, 75.84, 76.79, 77.57, 76.04, 76.90, 76.48, 76.69, 75.60
numBoid: 220
FPS Avg: 76.05
FPS Max: 77.57
FPS Min: 71.25
FPS StdDev: 1.26

71.65, 71.69, 71.39, 71.62, 71.78, 71.97, 72.71, 72.12, 70.91, 67.48, 70.88, 70.72, 70.83, 71.48, 72.08, 72.30, 72.95, 72.84, 72.71, 72.30
numBoid: 230
FPS Avg: 71.62
FPS Max: 72.95
FPS Min: 67.48
FPS StdDev: 1.16

65.90, 66.06, 65.55, 64.98, 65.16, 65.10, 64.85, 62.23, 65.78, 65.96, 66.06, 66.05, 66.23, 65.44, 65.08, 62.14, 63.83, 65.25, 65.55, 66.18
numBoid: 240
FPS Avg: 65.17
FPS Max: 66.23
FPS Min: 62.14
FPS StdDev: 1.14

61.19, 61.78, 61.89, 61.25, 58.30, 60.37, 59.55, 59.84, 60.67, 60.71, 61.12, 61.35, 61.85, 61.28, 62.11, 61.70, 61.98, 62.22, 60.49, 59.93
numBoid: 250
FPS Avg: 60.98
FPS Max: 62.22
FPS Min: 58.30
FPS StdDev: 0.98

55.37, 56.78, 53.56, 56.81, 57.68, 57.80, 58.21, 58.67, 58.56, 57.97, 57.54, 56.74, 55.73, 54.69, 55.15, 56.07, 56.28, 54.52, 57.15
numBoid: 260
FPS Avg: 56.59
FPS Max: 58.67
FPS Min: 53.56
FPS StdDev: 1.42

56.51, 51.17, 51.16, 53.30, 53.77, 53.74, 53.21, 52.60, 52.63, 52.84, 52.56, 52.45, 53.11, 53.63, 54.47, 54.56, 54.51, 53.99, 53.58, 52.65
numBoid: 270
FPS Avg: 53.32
FPS Max: 56.51
FPS Min: 51.16
FPS StdDev: 1.18

50.36, 46.39, 49.67, 49.60, 49.96, 50.13, 50.99, 50.87, 51.15, 51.07, 50.90, 50.76, 50.50, 50.64, 50.31, 49.95, 49.29, 49.63, 50.14, 50.85
numBoid: 280
FPS Avg: 50.16
FPS Max: 51.15
FPS Min: 46.39
FPS StdDev: 1.02

48.46, 48.42, 46.13, 47.91, 47.24, 46.91, 46.59, 47.16, 47.22, 47.41, 47.09, 47.45, 47.21, 47.74, 47.86, 48.10, 47.79, 47.22, 47.11, 46.69
numBoid: 290
FPS Avg: 47.39
FPS Max: 48.46
FPS Min: 46.13
FPS StdDev: 0.58

42.93, 44.11, 43.71, 43.65, 38.27, 37.34, 43.93, 45.57, 45.78, 45.69, 45.58, 45.16, 44.58, 44.18, 44.57, 44.41, 44.53, 44.75, 44.44, 44.53
numBoid: 300
FPS Avg: 43.88
FPS Max: 45.78
FPS Min: 37.34
FPS StdDev: 2.15

41.43, 41.83, 41.80, 41.57, 41.60, 41.65, 41.61, 40.73, 38.39, 40.33, 40.29, 37.81, 37.62, 39.16, 39.63, 40.16, 40.45, 40.81, 41.20, 41.42
numBoid: 310
FPS Avg: 40.47
FPS Max: 41.83
FPS Min: 37.62
FPS StdDev: 1.29

36.92, 36.92, 36.57, 37.89, 38.24, 38.61, 35.63, 38.10, 38.98, 38.72, 38.75, 38.58, 38.20, 38.13, 38.28, 38.37, 38.25, 37.78, 37.29
numBoid: 320
FPS Avg: 37.91
FPS Max: 38.98
FPS Min: 35.63
FPS StdDev: 0.84

35.40, 34.72, 34.68, 34.74, 35.14, 34.93, 34.14, 34.59, 35.79, 36.28, 36.02, 35.36, 34.45, 34.75, 34.67, 35.64, 36.30, 36.78, 36.92, 36.85
numBoid: 330
FPS Avg: 35.41
FPS Max: 36.92
FPS Min: 34.14
FPS StdDev: 0.85

34.11, 34.78, 34.59, 34.39, 34.00, 33.69, 33.55, 32.07, 33.54, 33.31, 32.65, 32.33, 32.53, 32.92, 32.92, 33.25, 33.09, 32.94, 33.02, 32.77
numBoid: 340
FPS Avg: 33.32
FPS Max: 34.78
FPS Min: 32.07
FPS StdDev: 0.73

29.77, 30.66, 30.77, 30.78, 29.82, 28.94, 29.76, 31.51, 32.31, 32.47, 32.53, 32.66, 32.47, 32.50, 32.15, 31.99, 31.92, 31.64, 31.48, 31.23
numBoid: 350
FPS Avg: 31.37
FPS Max: 32.66
FPS Min: 28.94
FPS StdDev: 1.09

// instancing
