448.24, 431.08, 463.29, 487.36, 472.88, 466.43, 524.42, 530.06, 525.17, 530.85, 532.20, 528.96, 499.16, 526.78, 522.22, 531.97, 525.29, 529.82, 532.95
numBoid: 10
FPS Avg: 505.74
FPS Max: 532.95
FPS Min: 431.08
FPS StdDev: 32.43

484.61, 500.11, 502.46, 506.86, 511.16, 495.62, 475.32, 499.11, 502.85, 499.30, 502.14, 501.18, 507.00, 473.54, 494.52, 489.80, 500.25, 495.66, 509.11, 506.19
numBoid: 20
FPS Avg: 497.84
FPS Max: 511.16
FPS Min: 473.54
FPS StdDev: 9.97

448.30, 455.61, 465.14, 459.68, 461.83, 454.72, 467.20, 445.26, 462.42, 453.92, 459.24, 462.52, 465.62, 465.91, 437.46, 429.96, 461.81, 464.24, 455.71, 459.98
numBoid: 30
FPS Avg: 456.83
FPS Max: 467.20
FPS Min: 429.96
FPS StdDev: 9.61

446.65, 403.78, 411.66, 404.28, 389.49, 397.13, 420.82, 425.00, 404.49, 425.99, 420.39, 408.94, 395.26, 399.93, 408.94, 385.44, 425.83, 427.74, 421.11, 416.49
numBoid: 40
FPS Avg: 411.97
FPS Max: 446.65
FPS Min: 385.44
FPS StdDev: 14.69

392.06, 359.35, 341.03, 345.19, 379.40, 377.77, 381.80, 382.46, 379.92, 375.23, 359.70, 380.80, 381.96, 388.56, 384.65, 385.67, 369.72, 367.03, 254.11, 368.54
numBoid: 50
FPS Avg: 367.75
FPS Max: 392.06
FPS Min: 254.11
FPS StdDev: 29.27

355.94, 346.55, 350.87, 352.85, 349.31, 351.53, 330.07, 344.42, 332.79, 331.21, 325.96, 334.49, 308.75, 317.48, 340.43, 341.39, 347.09, 346.03, 345.63, 343.23
numBoid: 60
FPS Avg: 339.80
FPS Max: 355.94
FPS Min: 308.75
FPS StdDev: 12.02

325.54, 298.25, 318.51, 320.33, 316.62, 306.42, 312.30, 306.32, 308.92, 290.16, 304.65, 313.18, 313.53, 307.33, 296.50, 302.66, 303.49, 258.29, 271.45, 280.09
numBoid: 70
FPS Avg: 302.73
FPS Max: 325.54
FPS Min: 258.29
FPS StdDev: 16.37

274.93, 263.79, 261.39, 278.18, 280.25, 271.01, 275.31, 260.61, 258.52, 256.15, 247.80, 257.82, 265.00, 255.83, 271.62, 272.37, 264.49, 270.02, 267.78, 261.15
numBoid: 80
FPS Avg: 265.70
FPS Max: 280.25
FPS Min: 247.80
FPS StdDev: 8.27

237.88, 220.77, 233.40, 240.42, 238.29, 231.20, 230.27, 240.04, 247.30, 240.22, 217.73, 232.79, 233.12, 238.86, 234.96, 225.02, 231.79, 238.72, 220.92, 228.92
numBoid: 90
FPS Avg: 233.13
FPS Max: 247.30
FPS Min: 217.73
FPS StdDev: 7.43

209.47, 204.40, 207.02, 209.54, 203.16, 194.78, 196.08, 211.60, 219.74, 219.62, 214.58, 210.38, 208.34, 208.79, 194.68, 184.33, 205.20, 206.71, 221.04, 225.77
numBoid: 100
FPS Avg: 207.76
FPS Max: 225.77
FPS Min: 184.33
FPS StdDev: 9.81

205.25, 200.48, 199.90, 197.39, 176.78, 178.59, 196.57, 199.89, 196.32, 197.96, 199.29, 199.79, 201.00, 191.85, 175.07, 188.24, 177.96, 167.90, 158.06, 154.41
numBoid: 110
FPS Avg: 188.13
FPS Max: 205.25
FPS Min: 154.41
FPS StdDev: 14.88

147.85, 153.25, 149.54, 147.26, 153.75, 164.86, 171.49, 168.58, 160.49, 155.94, 147.78, 155.10, 147.64, 139.94, 150.11, 162.10, 170.96, 174.71, 161.12, 164.45
numBoid: 120
FPS Avg: 157.35
FPS Max: 174.71
FPS Min: 139.94
FPS StdDev: 9.48

146.23, 145.73, 140.89, 134.19, 137.74, 147.30, 131.48, 154.13, 160.69, 159.37, 156.00, 154.05, 145.65, 129.11, 132.80, 136.51, 143.81, 149.26, 153.35, 157.89
numBoid: 130
FPS Avg: 145.81
FPS Max: 160.69
FPS Min: 129.11
FPS StdDev: 9.57

146.07, 149.49, 143.21, 134.15, 128.52, 128.49, 108.46, 147.70, 149.73, 150.82, 150.85, 150.89, 145.27, 137.33, 127.15, 133.71, 128.42, 139.64, 142.53, 147.19
numBoid: 140
FPS Avg: 139.48
FPS Max: 150.89
FPS Min: 108.46
FPS StdDev: 10.87

131.58, 130.54, 127.25, 127.81, 126.77, 127.32, 129.34, 125.64, 134.13, 128.03, 116.94, 122.99, 122.90, 129.12, 130.94, 129.79, 127.48, 130.28, 132.35, 127.88
numBoid: 150
FPS Avg: 127.95
FPS Max: 134.13
FPS Min: 116.94
FPS StdDev: 3.73

121.15, 123.46, 122.47, 121.77, 119.78, 120.26, 116.52, 117.70, 122.52, 125.14, 125.68, 119.18, 122.74, 121.85, 120.62, 122.56, 119.62, 118.98, 120.49
numBoid: 160
FPS Avg: 121.18
FPS Max: 125.68
FPS Min: 116.52
FPS StdDev: 2.28

118.50, 109.11, 112.23, 114.17, 114.68, 107.78, 111.63, 109.61, 109.21, 107.87, 106.78, 109.31, 113.36, 114.35, 114.26, 111.48, 111.76, 110.95, 104.56, 110.10
numBoid: 170
FPS Avg: 111.08
FPS Max: 118.50
FPS Min: 104.56
FPS StdDev: 3.17

105.46, 97.62, 99.48, 100.81, 100.99, 101.04, 103.06, 103.37, 101.15, 99.73, 101.08, 95.83, 98.12, 98.51, 99.50, 98.59, 103.06, 103.25, 103.19, 101.35
numBoid: 180
FPS Avg: 100.76
FPS Max: 105.46
FPS Min: 95.83
FPS StdDev: 2.32

97.50, 93.02, 93.06, 91.88, 87.75, 90.82, 92.28, 93.93, 95.31, 95.64, 94.86, 94.94, 94.78, 93.20, 92.90, 92.41, 93.40, 93.78, 90.94, 96.23
numBoid: 190
FPS Avg: 93.43
FPS Max: 97.50
FPS Min: 87.75
FPS StdDev: 2.12

91.89, 89.95, 89.74, 88.17, 86.56, 87.49, 88.74, 88.37, 88.20, 87.81, 88.79, 88.39, 89.10, 89.03, 87.42, 81.72, 87.78, 88.91, 89.38, 88.50
numBoid: 200
FPS Avg: 88.30
FPS Max: 91.89
FPS Min: 81.72
FPS StdDev: 1.86

83.17, 82.92, 82.61, 83.57, 83.33, 83.23, 81.32, 82.07, 81.77, 80.40, 80.57, 81.72, 77.09, 83.81, 82.60, 82.36, 82.59, 81.75, 81.49, 82.26
numBoid: 210
FPS Avg: 82.03
FPS Max: 83.81
FPS Min: 77.09
FPS StdDev: 1.45

76.95, 76.76, 77.06, 76.42, 75.53, 76.81, 76.66, 76.15, 75.67, 70.89, 75.76, 75.70, 76.32, 76.45, 73.99, 74.24, 74.77, 75.68, 76.87, 76.26
numBoid: 220
FPS Avg: 75.75
FPS Max: 77.06
FPS Min: 70.89
FPS StdDev: 1.40

69.96, 69.92, 69.42, 68.26, 65.91, 70.71, 69.52, 66.59, 71.85, 72.14, 70.96, 69.87, 69.84, 69.19, 68.87, 69.37, 69.44, 70.00, 70.46, 70.45
numBoid: 230
FPS Avg: 69.64
FPS Max: 72.14
FPS Min: 65.91
FPS StdDev: 1.45

64.86, 65.70, 66.76, 67.41, 65.53, 64.60, 59.81, 61.63, 59.62, 59.72, 61.76, 62.59, 64.17, 65.44, 65.95, 66.80, 66.10, 64.76, 62.70, 63.12
numBoid: 240
FPS Avg: 63.95
FPS Max: 67.41
FPS Min: 59.62
FPS StdDev: 2.39

57.80, 58.67, 56.81, 60.77, 60.76, 61.27, 60.43, 60.77, 60.99, 60.49, 60.04, 58.80, 58.73, 59.82, 59.74, 58.80, 58.07, 58.85, 60.11
numBoid: 250
FPS Avg: 59.56
FPS Max: 61.27
FPS Min: 56.81
FPS StdDev: 1.21

60.28, 52.21, 55.70, 53.39, 54.58, 53.88, 54.11, 53.77, 53.79, 54.89, 56.04, 56.98, 57.25, 57.62, 57.15, 55.73, 55.00, 53.16, 53.25, 51.65
numBoid: 260
FPS Avg: 55.02
FPS Max: 60.28
FPS Min: 51.65
FPS StdDev: 2.04

52.94, 52.38, 52.76, 52.54, 52.09, 51.50, 51.67, 52.44, 52.14, 50.88, 50.65, 51.27, 50.77, 50.97, 50.75, 50.98, 51.78, 50.63, 53.63, 53.88
numBoid: 270
FPS Avg: 51.83
FPS Max: 53.88
FPS Min: 50.63
FPS StdDev: 0.97

50.75, 48.96, 48.67, 48.75, 49.73, 49.41, 49.66, 50.12, 50.30, 50.41, 49.88, 50.32, 50.38, 49.44, 48.56, 48.23, 48.71, 48.99, 47.30, 49.76
numBoid: 280
FPS Avg: 49.42
FPS Max: 50.75
FPS Min: 47.30
FPS StdDev: 0.86

45.87, 46.16, 46.31, 46.41, 46.26, 46.18, 46.34, 45.64, 45.68, 45.54, 45.18, 44.97, 44.78, 45.60, 45.89, 46.58, 46.84, 47.19, 47.37, 42.64
numBoid: 290
FPS Avg: 45.87
FPS Max: 47.37
FPS Min: 42.64
FPS StdDev: 0.99

35.88, 40.53, 43.66, 43.98, 43.66, 43.72, 43.59, 43.98, 44.20, 44.41, 44.08, 44.08, 43.78, 43.21, 42.77, 43.17, 43.19, 43.14, 43.20, 43.35
numBoid: 300
FPS Avg: 43.08
FPS Max: 44.41
FPS Min: 35.88
FPS StdDev: 1.83

39.46, 41.02, 41.43, 39.41, 41.38, 41.78, 41.76, 41.34, 41.25, 41.28, 41.38, 40.97, 40.48, 40.10, 40.18, 40.80, 41.30, 41.76, 41.75
numBoid: 310
FPS Avg: 40.99
FPS Max: 41.78
FPS Min: 39.41
FPS StdDev: 0.72

40.36, 38.32, 39.05, 38.93, 38.69, 38.64, 38.82, 38.67, 37.86, 37.16, 38.93, 38.60, 39.09, 39.08, 39.09, 38.56, 39.01, 38.67, 38.52, 38.37
numBoid: 320
FPS Avg: 38.72
FPS Max: 40.36
FPS Min: 37.16
FPS StdDev: 0.59

36.24, 35.91, 35.87, 35.83, 35.92, 35.98, 36.55, 36.70, 36.90, 36.84, 36.30, 36.78, 36.59, 36.23, 35.57, 35.06, 36.14, 36.09, 35.77, 35.74
numBoid: 330
FPS Avg: 36.15
FPS Max: 36.90
FPS Min: 35.06
FPS StdDev: 0.46

33.43, 33.86, 34.04, 34.20, 33.89, 33.78, 34.06, 33.89, 33.97, 34.42, 33.99, 33.65, 33.91, 33.82, 33.40, 33.59, 34.11, 34.28, 34.55, 33.95
numBoid: 340
FPS Avg: 33.94
FPS Max: 34.55
FPS Min: 33.40
FPS StdDev: 0.29

31.94, 30.96, 32.44, 31.80, 32.06, 32.15, 31.90, 32.36, 32.39, 32.27, 31.91, 32.09, 32.20, 32.37, 32.36, 32.08, 31.69, 31.67, 31.26
numBoid: 350
FPS Avg: 31.99
FPS Max: 32.44
FPS Min: 30.96
FPS StdDev: 0.38

30.13, 29.75, 29.58, 29.25, 29.23, 29.29, 29.79, 29.58, 28.71, 29.65, 29.37, 29.52, 28.73, 29.41, 29.97, 29.77, 29.44, 29.41, 29.14, 29.65
numBoid: 360
FPS Avg: 29.47
FPS Max: 30.13
FPS Min: 28.71
FPS StdDev: 0.35

28.07, 28.21, 28.38, 28.32, 28.08, 28.43, 28.50, 28.38, 28.21, 28.22, 28.49, 28.54, 28.38, 28.19, 27.33, 28.74, 28.79, 28.95, 29.18, 28.80
numBoid: 370
FPS Avg: 28.41
FPS Max: 29.18
FPS Min: 27.33
FPS StdDev: 0.38

