73.78, 69.88, 71.94, 65.92, 67.09, 71.86, 69.76, 74.55, 72.99, 71.14, 70.82, 65.84, 66.91, 70.81
numBoid: 4000
FPS Avg: 70.24
FPS StdDev: 2.74

69.79, 62.83, 60.17, 64.80, 65.01, 54.15, 57.53, 63.79, 64.96, 67.10, 65.77, 65.89, 63.91, 57.99, 53.91
numBoid: 4200
FPS Avg: 62.51
FPS StdDev: 4.56

59.29, 58.55, 57.02, 59.75, 58.08, 57.69, 49.61, 53.61, 56.71, 58.99, 59.97, 58.76, 56.06, 61.92, 51.58
numBoid: 4400
FPS Avg: 57.17
FPS StdDev: 3.19

54.04, 55.19, 54.95, 54.11, 52.03, 51.15, 48.07, 43.85, 49.20, 51.57, 60.02, 57.72, 56.90, 53.00, 51.77
numBoid: 4600
FPS Avg: 52.90
FPS StdDev: 3.90

42.12, 47.73, 49.00, 50.11, 47.87, 49.94, 47.94, 48.91, 37.43, 49.53, 49.60, 49.87, 48.15, 49.16, 46.11
numBoid: 4800
FPS Avg: 47.57
FPS StdDev: 3.34

41.61, 33.35, 41.93, 40.36, 40.22, 39.92, 41.44, 43.17, 41.20, 38.36, 41.63, 40.53, 43.78, 43.29, 44.95
numBoid: 5000
FPS Avg: 41.05
FPS StdDev: 2.62

38.94, 35.25, 33.31, 38.45, 38.84, 39.31, 40.23, 40.92, 40.96, 33.90, 35.30, 38.69, 38.80, 38.39, 36.89
numBoid: 5200
FPS Avg: 37.88
FPS StdDev: 2.33

31.87, 32.45, 26.96, 27.92, 31.96, 31.99, 32.38, 33.44, 35.33, 33.28, 29.30, 31.46, 35.96, 36.98
numBoid: 5400
FPS Avg: 32.23
FPS StdDev: 2.73

note gpu instance off