95.89, 99.65, 93.57, 81.88, 97.66, 94.57, 88.69, 63.76, 90.58, 92.66, 94.58, 95.60, 93.97, 94.54
numBoid: 4000
FPS Avg: 91.26
FPS StdDev: 8.66

86.29, 74.98, 86.78, 90.75, 88.63, 79.76, 87.62, 89.69, 85.87, 83.81, 91.80, 90.97, 85.93, 85.82, 87.60
numBoid: 4200
FPS Avg: 86.42
FPS StdDev: 4.24

77.31, 69.10, 71.98, 77.77, 72.78, 74.90, 77.91, 74.97, 75.76, 72.97, 73.66, 82.00, 78.82, 80.76, 78.93
numBoid: 4400
FPS Avg: 75.98
FPS StdDev: 3.41

67.99, 71.74, 66.84, 61.09, 71.71, 67.90, 54.97, 61.93, 61.75, 64.05, 61.88, 65.96, 67.99, 65.90, 64.86
numBoid: 4600
FPS Avg: 65.10
FPS StdDev: 4.23

56.50, 56.49, 60.71, 53.95, 56.95, 59.94, 58.89, 58.95, 59.89, 61.90, 62.78, 54.95, 58.94, 63.99, 63.91
numBoid: 4800
FPS Avg: 59.25
FPS StdDev: 2.99

51.39, 47.75, 46.18, 46.96, 37.87, 42.43, 45.92, 46.04, 45.91, 45.38, 46.09, 46.19, 41.03, 46.75, 39.43
numBoid: 5000
FPS Avg: 45.02
FPS StdDev: 3.33

39.25, 42.17, 42.94, 43.72, 41.18, 35.28, 44.27, 43.25, 42.86, 41.12, 39.26, 40.91, 38.88, 28.65, 36.90
numBoid: 5200
FPS Avg: 40.04
FPS StdDev: 3.92

29.00, 32.86, 24.95, 28.63, 33.86, 32.23, 26.58, 34.97, 35.37, 33.99, 34.95, 34.50, 35.33, 30.32, 26.42
numBoid: 5400
FPS Avg: 31.60
FPS StdDev: 3.52

note gpu instance on